0.0 0.0 0.0
0.008914444442186439 0.028919778691756937 0.0013083020356006558
0.018258515655539174 0.05231040648342983 0.004805459431166105
0.027995096532024408 0.07067866650946734 0.010263528104949132
0.038087069963608285 0.08453134190431809 0.017454563975202498
0.04849731884225706 0.09437521580243079 0.026150622960179018
0.05918872605993685 0.10071707133825404 0.03612376097813142
0.07012417450861391 0.10406369164623659 0.04714603394731255
0.08126654708025437 0.10492185986082701 0.05898949778597512
0.09257872666682448 0.10379835911647402 0.07142620841237196
0.10402359616029036 0.10119997254762621 0.08422822174475583
0.11556403845261824 0.09763348328873234 0.09716759370137949
0.1271629364357743 0.09360567447424101 0.11001638020049576
0.13878317300172474 0.08962332923860086 0.12254663716035738
0.15038763104243572 0.08619323071626057 0.13453042049921712
0.16193919344987348 0.08382216204166884 0.14573978613532784
0.1734007431160041 0.08301690634927428 0.15594678998694222
0.1847351629327939 0.08428424677352556 0.1649234879723131
0.19590533579220903 0.08813096644887136 0.1724419360096933
0.20687414458621556 0.09506384850976031 0.17827419001733547
0.21760447220677984 0.1055896760906411 0.18219230591349247
0.228059201545868 0.12021523232596236 0.1839683396164171
0.23820144199156626 0.1394420595447912 0.18337757722044792
0.24802341292067423 0.16309813540109072 0.18061045713857835
0.25757481010826283 0.18968151358667548 0.17667711786150428
0.26691206617624863 0.21753436652176492 0.17268377547087854
0.2760916137465481 0.2449988666265783 0.16973664604835392
0.2851698854410777 0.270417186321335 0.16894194567558327
0.29419813238262077 0.29228265667556874 0.171293019730618
0.30318339897312224 0.3103782409753827 0.1768202406069571
0.3121103403002458 0.3251400606795879 0.18506626515650842
0.3209634372470941 0.33700931927548244 0.19556995546234845
0.32972717069676927 0.346427220250364 0.20787017360755364
0.33838602153237374 0.3538349670915304 0.22150578167520038
0.34692447063701004 0.3596737632862796 0.2360156417483653
0.35532699889378055 0.36438481232190956 0.25093861591012473
0.36357808718578766 0.368409317685718 0.2658135662435552
0.3716622163961337 0.3721884828650027 0.280179354831733
0.37956386740792114 0.3761635113470617 0.29357484375773474
0.38726752110425233 0.38077560661919285 0.30553889510463694
0.39475765836822974 0.386465972168694 0.315610370955516
0.40201876008295573 0.39367581148286296 0.3233281333934482
0.40903530713153263 0.4028463280489975 0.32823104450151025
0.41579178039706294 0.4144187253543958 0.3298579663627785
0.42227266076264897 0.4288342068863553 0.3277477610603294
0.42846242911139326 0.44653397613217427 0.32143929067723936
0.4343455663263981 0.4679592365791504 0.31047141729658495
0.4399065532907659 0.4935511917145813 0.2943830030014427
0.44512987088759903 0.5237510450257653 0.2727129098748889
0.45 0.559 0.245
